object Form1: TForm1
  Left = 0
  Top = 0
  Caption = 'Form1'
  ClientHeight = 605
  ClientWidth = 423
  FormFactor.Width = 320
  FormFactor.Height = 480
  FormFactor.Devices = [Desktop]
  DesignerMasterStyle = 0
  object ComboBox1: TComboBox
    Align = Top
    Margins.Left = 4.000000000000000000
    Margins.Top = 4.000000000000000000
    Margins.Right = 4.000000000000000000
    Position.X = 4.000000000000000000
    Position.Y = 4.000000000000000000
    Size.Width = 415.000000000000000000
    Size.Height = 37.000000000000000000
    Size.PlatformDefault = False
    TabOrder = 1
    OnChange = ComboBox1Change
  end
end
